1 0.605 0.210 0.658 0.157 1100 4
0 0.605 0.210 0.552 0.157 1100 9
0 0.605 0.210 0.605 0.135 1100 9
0 0.605 0.210 0.552 0.263 1100 9
0 0.605 0.210 0.605 0.135 1100 9
1 0.605 0.210 0.658 0.263 1100 1
0 0.605 0.210 0.605 0.135 1100 9
0 0.605 0.210 0.658 0.157 1100 9
0 0.605 0.210 0.552 0.157 1100 9
0 0.605 0.210 0.552 0.263 1100 9
1 0.605 0.210 0.552 0.263 1100 2
0 0.605 0.210 0.530 0.210 1100 9
0 0.605 0.210 0.658 0.263 1100 9
0 0.605 0.210 0.680 0.210 1100 9
0 0.605 0.210 0.552 0.157 1100 9
1 0.605 0.210 0.658 0.157 1100 4
0 0.605 0.210 0.658 0.263 1100 9
0 0.605 0.210 0.530 0.210 1100 9
0 0.605 0.210 0.552 0.157 1100 9
0 0.605 0.210 0.530 0.210 1100 9
1 0.605 0.210 0.658 0.263 1100 1
0 0.605 0.210 0.605 0.135 1100 9
0 0.605 0.210 0.530 0.210 1100 9
0 0.605 0.210 0.605 0.285 1100 9
0 0.605 0.210 0.605 0.135 1100 9
1 0.605 0.210 0.552 0.263 1100 2
0 0.605 0.210 0.552 0.157 1100 9
0 0.605 0.210 0.658 0.157 1100 9
0 0.605 0.210 0.658 0.263 1100 9
0 0.605 0.210 0.680 0.210 1100 9
1 0.605 0.210 0.658 0.263 1100 1
0 0.605 0.210 0.680 0.210 1100 9
0 0.605 0.210 0.658 0.157 1100 9
0 0.605 0.210 0.605 0.285 1100 9
0 0.605 0.210 0.658 0.263 1100 9
1 0.605 0.210 0.552 0.263 1100 2
0 0.605 0.210 0.658 0.263 1100 9
0 0.605 0.210 0.530 0.210 1100 9
0 0.605 0.210 0.552 0.157 1100 9
0 0.605 0.210 0.605 0.135 1100 9
1 0.605 0.210 0.658 0.157 1100 4
0 0.605 0.210 0.680 0.210 1100 9
0 0.605 0.210 0.605 0.285 1100 9
0 0.605 0.210 0.680 0.210 1100 9
0 0.605 0.210 0.658 0.263 1100 9
1 0.605 0.210 0.658 0.263 1100 1
0 0.605 0.210 0.658 0.263 1100 9
0 0.605 0.210 0.552 0.263 1100 9
0 0.605 0.210 0.552 0.157 1100 9
0 0.605 0.210 0.658 0.263 1100 9
1 0.605 0.210 0.658 0.157 1100 4
0 0.605 0.210 0.605 0.135 1100 9
0 0.605 0.210 0.658 0.263 1100 9
0 0.605 0.210 0.605 0.285 1100 9
0 0.605 0.210 0.605 0.135 1100 9
1 0.605 0.210 0.552 0.263 1100 2
0 0.605 0.210 0.605 0.135 1100 9
0 0.605 0.210 0.658 0.157 1100 9
0 0.605 0.210 0.658 0.263 1100 9
0 0.605 0.210 0.530 0.210 1100 9
1 0.605 0.210 0.658 0.263 1100 1
0 0.605 0.210 0.552 0.263 1100 9
0 0.605 0.210 0.530 0.210 1100 9
0 0.605 0.210 0.605 0.285 1100 9
0 0.605 0.210 0.680 0.210 1100 9
1 0.605 0.210 0.552 0.263 1100 2
0 0.605 0.210 0.605 0.135 1100 9
0 0.605 0.210 0.680 0.210 1100 9
0 0.605 0.210 0.552 0.263 1100 9
0 0.605 0.210 0.552 0.157 1100 9
1 0.605 0.210 0.658 0.157 1100 4
0 0.605 0.210 0.530 0.210 1100 9
0 0.605 0.210 0.658 0.263 1100 9
0 0.605 0.210 0.605 0.285 1100 9
0 0.605 0.210 0.552 0.157 1100 9
1 0.605 0.210 0.658 0.263 1100 1
0 0.605 0.210 0.658 0.157 1100 9
0 0.605 0.210 0.552 0.157 1100 9
0 0.605 0.210 0.530 0.210 1100 9
0 0.605 0.210 0.552 0.263 1100 9
1 0.605 0.210 0.552 0.263 1100 2
0 0.605 0.210 0.530 0.210 1100 9
0 0.605 0.210 0.552 0.157 1100 9
0 0.605 0.210 0.605 0.135 1100 9
0 0.605 0.210 0.658 0.157 1100 9
1 0.605 0.210 0.658 0.157 1100 4
0 0.605 0.210 0.552 0.157 1100 9
0 0.605 0.210 0.605 0.135 1100 9
0 0.605 0.210 0.658 0.263 1100 9
0 0.605 0.210 0.605 0.285 1100 9
1 0.605 0.210 0.552 0.263 1100 2
0 0.605 0.210 0.605 0.285 1100 9
0 0.605 0.210 0.658 0.263 1100 9
0 0.605 0.210 0.552 0.263 1100 9
0 0.605 0.210 0.530 0.210 1100 9
1 0.605 0.210 0.658 0.157 1100 4
0 0.605 0.210 0.530 0.210 1100 9
0 0.605 0.210 0.605 0.135 1100 9
0 0.605 0.210 0.658 0.157 1100 9
0 0.605 0.210 0.680 0.210 1100 9
1 0.605 0.210 0.658 0.263 1100 1
0 0.605 0.210 0.658 0.157 1100 9
0 0.605 0.210 0.552 0.157 1100 9
0 0.605 0.210 0.530 0.210 1100 9
0 0.605 0.210 0.658 0.263 1100 9
1 0.605 0.210 0.552 0.157 1100 3
0 0.605 0.210 0.530 0.210 1100 9
0 0.605 0.210 0.552 0.263 1100 9
0 0.605 0.210 0.552 0.157 1100 9
0 0.605 0.210 0.605 0.135 1100 9
